========================================
Airfoil: NACA0009
Result:
  weighted_power: 29.174580
  chord: [0.4689 0.4999 0.4821 0.4239 0.4292 0.4242 0.3931 0.3528 0.3217 0.3122 0.3124 0.3036 0.2559 0.2587 0.1543]
  beta:  [0.7747 0.6735 0.7285 0.7367 0.6334 0.4561 0.5073 0.3879 0.3881 0.5102 0.4580 0.2997 0.3154 0.3112 0.3053]
  info:
    nSections: 15
    B: 5
Design Variables:
  x: [0.4689 0.4999 0.4821 0.4239 0.4292 0.4242 0.3931 0.3528 0.3217 0.3122 0.3124 0.3036 0.2559 0.2587 0.1543 0.7747 0.6735 0.7285 0.7367 0.6334 0.4561 0.5073 0.3879 0.3881 0.5102 0.4580 0.2997 0.3154 0.3112 0.3053]

========================================
Airfoil: NACA0010
Result:
  weighted_power: 25.171589
  chord: [0.3593 0.4530 0.4647 0.4146 0.4351 0.4113 0.3987 0.3688 0.3639 0.3368 0.3222 0.2930 0.2815 0.2524 0.2311]
  beta:  [0.6974 0.8294 0.7558 0.7481 0.5976 0.5575 0.4825 0.5276 0.4738 0.4637 0.4798 0.3771 0.4146 0.3121 0.3053]
  info:
    nSections: 15
    B: 5
Design Variables:
  x: [0.3593 0.4530 0.4647 0.4146 0.4351 0.4113 0.3987 0.3688 0.3639 0.3368 0.3222 0.2930 0.2815 0.2524 0.2311 0.6974 0.8294 0.7558 0.7481 0.5976 0.5575 0.4825 0.5276 0.4738 0.4637 0.4798 0.3771 0.4146 0.3121 0.3053]

========================================
Airfoil: NACA0011
Result:
  weighted_power: 23.675900
  chord: [0.1630 0.4855 0.4596 0.4177 0.4408 0.3912 0.3941 0.3679 0.3481 0.3363 0.3237 0.2969 0.2774 0.2573 0.2174]
  beta:  [0.8079 0.7923 0.8035 0.7476 0.7210 0.5330 0.5644 0.6014 0.5039 0.4961 0.5195 0.3576 0.4640 0.3484 0.3545]
  info:
    nSections: 15
    B: 5
Design Variables:
  x: [0.1630 0.4855 0.4596 0.4177 0.4408 0.3912 0.3941 0.3679 0.3481 0.3363 0.3237 0.2969 0.2774 0.2573 0.2174 0.8079 0.7923 0.8035 0.7476 0.7210 0.5330 0.5644 0.6014 0.5039 0.4961 0.5195 0.3576 0.4640 0.3484 0.3545]

========================================
Airfoil: NACA0012
Result:
  weighted_power: 12.515230
  chord: [0.4690 0.4152 0.4757 0.4567 0.3836 0.3521 0.3984 0.3370 0.2973 0.3115 0.3010 0.2739 0.2785 0.1200 0.1898]
  beta:  [0.7097 0.7796 0.8008 0.7629 0.7040 0.6754 0.5771 0.5603 0.5562 0.5645 0.4934 0.4529 0.4825 0.3825 0.3343]
  info:
    nSections: 15
    B: 5
Design Variables:
  x: [0.4690 0.4152 0.4757 0.4567 0.3836 0.3521 0.3984 0.3370 0.2973 0.3115 0.3010 0.2739 0.2785 0.1200 0.1898 0.7097 0.7796 0.8008 0.7629 0.7040 0.6754 0.5771 0.5603 0.5562 0.5645 0.4934 0.4529 0.4825 0.3825 0.3343]

========================================
Airfoil: NACA0013
Result:
  weighted_power: 12.088974
  chord: [0.3173 0.4527 0.4608 0.4579 0.4246 0.3875 0.3207 0.3844 0.3600 0.3132 0.2676 0.2693 0.2693 0.1544 0.1673]
  beta:  [0.6845 0.8111 0.7681 0.6458 0.6258 0.6083 0.6624 0.6368 0.5885 0.5574 0.5265 0.5153 0.4820 0.4050 0.2945]
  info:
    nSections: 15
    B: 5
Design Variables:
  x: [0.3173 0.4527 0.4608 0.4579 0.4246 0.3875 0.3207 0.3844 0.3600 0.3132 0.2676 0.2693 0.2693 0.1544 0.1673 0.6845 0.8111 0.7681 0.6458 0.6258 0.6083 0.6624 0.6368 0.5885 0.5574 0.5265 0.5153 0.4820 0.4050 0.2945]

========================================
Airfoil: NACA0014
Result:
  weighted_power: 30.135726
  chord: [0.3746 0.2873 0.2901 0.3010 0.3811 0.2484 0.3607 0.2508 0.3428 0.3226 0.3209 0.2610 0.2488 0.2533 0.2365]
  beta:  [0.6681 0.6418 0.6040 0.6362 0.5024 0.4183 0.4735 0.4363 0.4248 0.5537 0.3469 0.3232 0.2301 0.2761 0.2385]
  info:
    nSections: 15
    B: 5
Design Variables:
  x: [0.3746 0.2873 0.2901 0.3010 0.3811 0.2484 0.3607 0.2508 0.3428 0.3226 0.3209 0.2610 0.2488 0.2533 0.2365 0.6681 0.6418 0.6040 0.6362 0.5024 0.4183 0.4735 0.4363 0.4248 0.5537 0.3469 0.3232 0.2301 0.2761 0.2385]

========================================
Airfoil: NACA0015
Result:
  weighted_power: 30.792009
  chord: [0.3908 0.4137 0.4838 0.3483 0.4053 0.4099 0.3563 0.3689 0.3595 0.3186 0.2284 0.2566 0.2780 0.1911 0.1809]
  beta:  [0.8290 0.8245 0.7798 0.6529 0.6537 0.5182 0.4904 0.3883 0.4506 0.3688 0.2588 0.2521 0.4365 0.1976 0.2233]
  info:
    nSections: 15
    B: 5
Design Variables:
  x: [0.3908 0.4137 0.4838 0.3483 0.4053 0.4099 0.3563 0.3689 0.3595 0.3186 0.2284 0.2566 0.2780 0.1911 0.1809 0.8290 0.8245 0.7798 0.6529 0.6537 0.5182 0.4904 0.3883 0.4506 0.3688 0.2588 0.2521 0.4365 0.1976 0.2233]

========================================
Airfoil: NACA0016
Result:
  weighted_power: 30.603014
  chord: [0.5085 0.4858 0.2898 0.4243 0.2567 0.2515 0.3779 0.2875 0.2847 0.2082 0.2557 0.2202 0.2611 0.2547 0.1980]
  beta:  [0.7026 0.7860 0.6542 0.6101 0.5403 0.3970 0.4323 0.3124 0.3533 0.2893 0.2592 0.3220 0.4348 0.2478 0.3093]
  info:
    nSections: 15
    B: 5
Design Variables:
  x: [0.5085 0.4858 0.2898 0.4243 0.2567 0.2515 0.3779 0.2875 0.2847 0.2082 0.2557 0.2202 0.2611 0.2547 0.1980 0.7026 0.7860 0.6542 0.6101 0.5403 0.3970 0.4323 0.3124 0.3533 0.2893 0.2592 0.3220 0.4348 0.2478 0.3093]

========================================
Airfoil: NACA0017
Result:
  weighted_power: 29.952691
  chord: [0.2990 0.2406 0.2446 0.2610 0.2056 0.2708 0.2269 0.2284 0.2414 0.2339 0.2059 0.1889 0.1822 0.1937 0.1688]
  beta:  [0.7630 0.6694 0.6702 0.5821 0.5640 0.5483 0.5243 0.4875 0.4392 0.4287 0.4215 0.3470 0.3140 0.2790 0.2732]
  info:
    nSections: 15
    B: 5
Design Variables:
  x: [0.2990 0.2406 0.2446 0.2610 0.2056 0.2708 0.2269 0.2284 0.2414 0.2339 0.2059 0.1889 0.1822 0.1937 0.1688 0.7630 0.6694 0.6702 0.5821 0.5640 0.5483 0.5243 0.4875 0.4392 0.4287 0.4215 0.3470 0.3140 0.2790 0.2732]

========================================
Airfoil: NACA0018
Result:
  weighted_power: 30.050426
  chord: [0.3113 0.2991 0.2791 0.3028 0.2880 0.2774 0.2589 0.2728 0.2317 0.2312 0.2245 0.2813 0.1854 0.2005 0.1461]
  beta:  [0.6821 0.6448 0.6799 0.5557 0.5436 0.5659 0.5139 0.4779 0.4660 0.4288 0.3678 0.3501 0.3256 0.3117 0.2737]
  info:
    nSections: 15
    B: 5
Design Variables:
  x: [0.3113 0.2991 0.2791 0.3028 0.2880 0.2774 0.2589 0.2728 0.2317 0.2312 0.2245 0.2813 0.1854 0.2005 0.1461 0.6821 0.6448 0.6799 0.5557 0.5436 0.5659 0.5139 0.4779 0.4660 0.4288 0.3678 0.3501 0.3256 0.3117 0.2737]

========================================
Airfoil: NACA0019
Result:
  weighted_power: 30.061562
  chord: [0.2988 0.2706 0.3116 0.2688 0.2814 0.2817 0.2394 0.2512 0.2264 0.1909 0.2457 0.2330 0.2262 0.2051 0.1619]
  beta:  [0.7252 0.6340 0.6396 0.6051 0.6156 0.5088 0.4927 0.4908 0.4335 0.4360 0.3649 0.3309 0.3115 0.2875 0.2632]
  info:
    nSections: 15
    B: 5
Design Variables:
  x: [0.2988 0.2706 0.3116 0.2688 0.2814 0.2817 0.2394 0.2512 0.2264 0.1909 0.2457 0.2330 0.2262 0.2051 0.1619 0.7252 0.6340 0.6396 0.6051 0.6156 0.5088 0.4927 0.4908 0.4335 0.4360 0.3649 0.3309 0.3115 0.2875 0.2632]

========================================
Airfoil: NACA0020
Result:
  weighted_power: 13.168379
  chord: [0.2208 0.4768 0.4793 0.1521 0.3413 0.2840 0.3050 0.2272 0.3571 0.3322 0.3247 0.3030 0.2779 0.2483 0.1347]
  beta:  [0.8138 0.8228 0.7839 0.7015 0.7021 0.6798 0.5468 0.5746 0.4851 0.5500 0.5094 0.4516 0.4742 0.4154 0.3811]
  info:
    nSections: 15
    B: 5
Design Variables:
  x: [0.2208 0.4768 0.4793 0.1521 0.3413 0.2840 0.3050 0.2272 0.3571 0.3322 0.3247 0.3030 0.2779 0.2483 0.1347 0.8138 0.8228 0.7839 0.7015 0.7021 0.6798 0.5468 0.5746 0.4851 0.5500 0.5094 0.4516 0.4742 0.4154 0.3811]

========================================
Airfoil: NACA0021
Result:
  weighted_power: 0.825956
  chord: [0.4856 0.4680 0.4666 0.4625 0.4381 0.4110 0.4008 0.3743 0.3602 0.3416 0.3155 0.2934 0.2698 0.0906 0.0650]
  beta:  [0.8613 0.8327 0.8077 0.7727 0.7422 0.7053 0.6769 0.6414 0.6119 0.5784 0.5481 0.5145 0.4826 0.4394 0.4168]
  info:
    nSections: 15
    B: 5
Design Variables:
  x: [0.4856 0.4680 0.4666 0.4625 0.4381 0.4110 0.4008 0.3743 0.3602 0.3416 0.3155 0.2934 0.2698 0.0906 0.0650 0.8613 0.8327 0.8077 0.7727 0.7422 0.7053 0.6769 0.6414 0.6119 0.5784 0.5481 0.5145 0.4826 0.4394 0.4168]

========================================
Airfoil: NACA0022
Result:
  weighted_power: 29.774946
  chord: [0.3287 0.3146 0.3078 0.2733 0.2392 0.3033 0.2443 0.2296 0.2287 0.2246 0.2085 0.1801 0.1696 0.1818 0.1659]
  beta:  [0.8242 0.6760 0.6512 0.5830 0.5640 0.5046 0.4925 0.4746 0.4310 0.4249 0.3646 0.3436 0.2882 0.2858 0.2082]
  info:
    nSections: 15
    B: 5
Design Variables:
  x: [0.3287 0.3146 0.3078 0.2733 0.2392 0.3033 0.2443 0.2296 0.2287 0.2246 0.2085 0.1801 0.1696 0.1818 0.1659 0.8242 0.6760 0.6512 0.5830 0.5640 0.5046 0.4925 0.4746 0.4310 0.4249 0.3646 0.3436 0.2882 0.2858 0.2082]

========================================
Airfoil: NACA0023
Result:
  weighted_power: 22.819745
  chord: [0.4569 0.4442 0.2961 0.4544 0.4060 0.3632 0.3982 0.3254 0.2977 0.2824 0.3248 0.2998 0.2637 0.2380 0.2284]
  beta:  [0.7359 0.7377 0.6590 0.5546 0.4394 0.7065 0.5151 0.5785 0.5986 0.2763 0.4804 0.2883 0.4804 0.3597 0.2711]
  info:
    nSections: 15
    B: 5
Design Variables:
  x: [0.4569 0.4442 0.2961 0.4544 0.4060 0.3632 0.3982 0.3254 0.2977 0.2824 0.3248 0.2998 0.2637 0.2380 0.2284 0.7359 0.7377 0.6590 0.5546 0.4394 0.7065 0.5151 0.5785 0.5986 0.2763 0.4804 0.2883 0.4804 0.3597 0.2711]

========================================
Airfoil: NACA0024
Result:
  weighted_power: 1.486631
  chord: [0.5225 0.4820 0.4801 0.4482 0.4404 0.4195 0.4028 0.3789 0.3590 0.3354 0.3246 0.2970 0.2736 0.2626 0.2317]
  beta:  [0.8153 0.8232 0.7983 0.7620 0.7238 0.7100 0.6498 0.6355 0.5875 0.5659 0.5417 0.5140 0.4722 0.4402 0.4012]
  info:
    nSections: 15
    B: 5
Design Variables:
  x: [0.5225 0.4820 0.4801 0.4482 0.4404 0.4195 0.4028 0.3789 0.3590 0.3354 0.3246 0.2970 0.2736 0.2626 0.2317 0.8153 0.8232 0.7983 0.7620 0.7238 0.7100 0.6498 0.6355 0.5875 0.5659 0.5417 0.5140 0.4722 0.4402 0.4012]

========================================
Airfoil: NACA0025
Result:
  weighted_power: 2.049730
  chord: [0.5045 0.4950 0.4836 0.4411 0.4333 0.4184 0.3936 0.3828 0.3591 0.3413 0.3233 0.3006 0.2775 0.2606 0.2410]
  beta:  [0.8676 0.8358 0.8042 0.7658 0.7153 0.7040 0.6282 0.6413 0.5973 0.5809 0.5457 0.5143 0.4770 0.4426 0.4103]
  info:
    nSections: 15
    B: 5
Design Variables:
  x: [0.5045 0.4950 0.4836 0.4411 0.4333 0.4184 0.3936 0.3828 0.3591 0.3413 0.3233 0.3006 0.2775 0.2606 0.2410 0.8676 0.8358 0.8042 0.7658 0.7153 0.7040 0.6282 0.6413 0.5973 0.5809 0.5457 0.5143 0.4770 0.4426 0.4103]

========================================
Airfoil: NACA0026
Result:
  weighted_power: 1.566591
  chord: [0.4822 0.4526 0.4719 0.4630 0.4291 0.4130 0.4015 0.3766 0.3441 0.3412 0.3189 0.2930 0.2821 0.2473 0.2148]
  beta:  [0.8580 0.8259 0.8065 0.7686 0.7140 0.6840 0.6632 0.6296 0.6072 0.5704 0.5453 0.5160 0.4776 0.4452 0.3945]
  info:
    nSections: 15
    B: 5
Design Variables:
  x: [0.4822 0.4526 0.4719 0.4630 0.4291 0.4130 0.4015 0.3766 0.3441 0.3412 0.3189 0.2930 0.2821 0.2473 0.2148 0.8580 0.8259 0.8065 0.7686 0.7140 0.6840 0.6632 0.6296 0.6072 0.5704 0.5453 0.5160 0.4776 0.4452 0.3945]

========================================
Airfoil: NACA0028
Result:
  weighted_power: 1.493289
  chord: [0.5056 0.4631 0.4712 0.4428 0.4341 0.4169 0.3987 0.3599 0.3433 0.3447 0.3229 0.2960 0.2813 0.2442 0.2309]
  beta:  [0.8697 0.8253 0.7761 0.7462 0.7244 0.6927 0.6455 0.6228 0.6079 0.5704 0.5456 0.5127 0.4652 0.4384 0.3971]
  info:
    nSections: 15
    B: 5
Design Variables:
  x: [0.5056 0.4631 0.4712 0.4428 0.4341 0.4169 0.3987 0.3599 0.3433 0.3447 0.3229 0.2960 0.2813 0.2442 0.2309 0.8697 0.8253 0.7761 0.7462 0.7244 0.6927 0.6455 0.6228 0.6079 0.5704 0.5456 0.5127 0.4652 0.4384 0.3971]

========================================
Airfoil: NACA0030
Result:
  weighted_power: 1.224520
  chord: [0.5009 0.4829 0.4848 0.4601 0.4324 0.4175 0.3977 0.3801 0.3421 0.3200 0.3239 0.2750 0.2847 0.2517 0.2423]
  beta:  [0.8442 0.8069 0.7898 0.7513 0.6513 0.7095 0.6662 0.5873 0.5937 0.5503 0.5390 0.5149 0.4390 0.4424 0.3623]
  info:
    nSections: 15
    B: 5
Design Variables:
  x: [0.5009 0.4829 0.4848 0.4601 0.4324 0.4175 0.3977 0.3801 0.3421 0.3200 0.3239 0.2750 0.2847 0.2517 0.2423 0.8442 0.8069 0.7898 0.7513 0.6513 0.7095 0.6662 0.5873 0.5937 0.5503 0.5390 0.5149 0.4390 0.4424 0.3623]

========================================
Airfoil: NACA1408
Result:
  weighted_power: 30.051427
  chord: [0.3550 0.3047 0.3423 0.3809 0.2841 0.2235 0.3957 0.3181 0.3560 0.3401 0.2136 0.2926 0.2239 0.2093 0.2348]
  beta:  [0.5579 0.6485 0.6290 0.6328 0.5414 0.6022 0.5136 0.5062 0.4343 0.3360 0.3516 0.3545 0.3202 0.2491 0.2781]
  info:
    nSections: 15
    B: 5
Design Variables:
  x: [0.3550 0.3047 0.3423 0.3809 0.2841 0.2235 0.3957 0.3181 0.3560 0.3401 0.2136 0.2926 0.2239 0.2093 0.2348 0.5579 0.6485 0.6290 0.6328 0.5414 0.6022 0.5136 0.5062 0.4343 0.3360 0.3516 0.3545 0.3202 0.2491 0.2781]

========================================
Airfoil: NACA1409
Result:
  weighted_power: 29.823120
  chord: [0.3263 0.4858 0.4355 0.3745 0.3387 0.3444 0.3648 0.2635 0.3033 0.3072 0.2498 0.3026 0.2442 0.2637 0.2289]
  beta:  [0.7130 0.5316 0.7623 0.5993 0.5746 0.5105 0.4747 0.3977 0.4316 0.3714 0.3908 0.3360 0.2389 0.3609 0.2387]
  info:
    nSections: 15
    B: 5
Design Variables:
  x: [0.3263 0.4858 0.4355 0.3745 0.3387 0.3444 0.3648 0.2635 0.3033 0.3072 0.2498 0.3026 0.2442 0.2637 0.2289 0.7130 0.5316 0.7623 0.5993 0.5746 0.5105 0.4747 0.3977 0.4316 0.3714 0.3908 0.3360 0.2389 0.3609 0.2387]

========================================
Airfoil: NACA1410
Result:
  weighted_power: 24.201332
  chord: [0.3329 0.4548 0.4605 0.4319 0.4407 0.3882 0.3977 0.3704 0.3643 0.3398 0.2982 0.2736 0.2793 0.2578 0.2300]
  beta:  [0.6701 0.7420 0.7795 0.7562 0.6646 0.5890 0.6743 0.6258 0.4174 0.4029 0.4918 0.4109 0.4589 0.2890 0.2689]
  info:
    nSections: 15
    B: 5
Design Variables:
  x: [0.3329 0.4548 0.4605 0.4319 0.4407 0.3882 0.3977 0.3704 0.3643 0.3398 0.2982 0.2736 0.2793 0.2578 0.2300 0.6701 0.7420 0.7795 0.7562 0.6646 0.5890 0.6743 0.6258 0.4174 0.4029 0.4918 0.4109 0.4589 0.2890 0.2689]

========================================
Airfoil: NACA1411
Result:
  weighted_power: 22.289939
  chord: [0.4037 0.4449 0.4355 0.2942 0.4378 0.3450 0.2757 0.3136 0.3161 0.2900 0.2798 0.2006 0.2404 0.1483 0.2033]
  beta:  [0.6987 0.7964 0.7940 0.6992 0.6289 0.7101 0.6169 0.5855 0.5433 0.5213 0.4952 0.4654 0.4364 0.4429 0.3624]
  info:
    nSections: 15
    B: 5
Design Variables:
  x: [0.4037 0.4449 0.4355 0.2942 0.4378 0.3450 0.2757 0.3136 0.3161 0.2900 0.2798 0.2006 0.2404 0.1483 0.2033 0.6987 0.7964 0.7940 0.6992 0.6289 0.7101 0.6169 0.5855 0.5433 0.5213 0.4952 0.4654 0.4364 0.4429 0.3624]

========================================
Airfoil: NACA1412
Result:
  weighted_power: 30.082069
  chord: [0.3625 0.2732 0.2788 0.4276 0.3387 0.3444 0.3891 0.3040 0.3007 0.2472 0.2373 0.2579 0.2578 0.2379 0.2355]
  beta:  [0.7190 0.6791 0.6980 0.6481 0.5850 0.5393 0.6383 0.4793 0.3801 0.3539 0.3553 0.3401 0.3067 0.2697 0.2945]
  info:
    nSections: 15
    B: 5
Design Variables:
  x: [0.3625 0.2732 0.2788 0.4276 0.3387 0.3444 0.3891 0.3040 0.3007 0.2472 0.2373 0.2579 0.2578 0.2379 0.2355 0.7190 0.6791 0.6980 0.6481 0.5850 0.5393 0.6383 0.4793 0.3801 0.3539 0.3553 0.3401 0.3067 0.2697 0.2945]

========================================
Airfoil: NACA1414
Result:
  weighted_power: 30.584135
  chord: [0.3309 0.4794 0.4645 0.2460 0.3011 0.2895 0.3804 0.3048 0.3221 0.2806 0.3194 0.2761 0.2755 0.2395 0.1570]
  beta:  [0.7182 0.7918 0.7899 0.6491 0.6872 0.4953 0.4951 0.4102 0.4197 0.3206 0.5130 0.3443 0.3184 0.2960 0.1347]
  info:
    nSections: 15
    B: 5
Design Variables:
  x: [0.3309 0.4794 0.4645 0.2460 0.3011 0.2895 0.3804 0.3048 0.3221 0.2806 0.3194 0.2761 0.2755 0.2395 0.1570 0.7182 0.7918 0.7899 0.6491 0.6872 0.4953 0.4951 0.4102 0.4197 0.3206 0.5130 0.3443 0.3184 0.2960 0.1347]

========================================
Airfoil: NACA2408
Result:
  weighted_power: 22.087700
  chord: [0.2902 0.3122 0.4803 0.3491 0.3079 0.3273 0.3448 0.3340 0.3580 0.3370 0.2824 0.2842 0.2503 0.1727 0.2293]
  beta:  [0.5709 0.8054 0.7817 0.6454 0.7377 0.6823 0.6557 0.4716 0.5605 0.5674 0.4902 0.4780 0.4769 0.4473 0.3241]
  info:
    nSections: 15
    B: 5
Design Variables:
  x: [0.2902 0.3122 0.4803 0.3491 0.3079 0.3273 0.3448 0.3340 0.3580 0.3370 0.2824 0.2842 0.2503 0.1727 0.2293 0.5709 0.8054 0.7817 0.6454 0.7377 0.6823 0.6557 0.4716 0.5605 0.5674 0.4902 0.4780 0.4769 0.4473 0.3241]

========================================
Airfoil: NACA2409
Result:
  weighted_power: 28.205024
  chord: [0.4945 0.1924 0.4539 0.4595 0.4441 0.4215 0.3576 0.3507 0.3591 0.3402 0.2537 0.2695 0.2812 0.2512 0.2109]
  beta:  [0.5710 0.8101 0.7792 0.7306 0.7294 0.7085 0.5216 0.6068 0.5100 0.4978 0.3818 0.2849 0.3607 0.4154 0.3106]
  info:
    nSections: 15
    B: 5
Design Variables:
  x: [0.4945 0.1924 0.4539 0.4595 0.4441 0.4215 0.3576 0.3507 0.3591 0.3402 0.2537 0.2695 0.2812 0.2512 0.2109 0.5710 0.8101 0.7792 0.7306 0.7294 0.7085 0.5216 0.6068 0.5100 0.4978 0.3818 0.2849 0.3607 0.4154 0.3106]

========================================
Airfoil: NACA2410
Result:
  weighted_power: 29.891349
  chord: [0.3607 0.3423 0.3405 0.2506 0.2514 0.3256 0.2344 0.2996 0.2926 0.2920 0.3088 0.3021 0.2006 0.2237 0.2123]
  beta:  [0.8256 0.6606 0.6652 0.6155 0.5594 0.5352 0.5169 0.4234 0.4197 0.3876 0.3814 0.3749 0.3373 0.2776 0.2970]
  info:
    nSections: 15
    B: 5
Design Variables:
  x: [0.3607 0.3423 0.3405 0.2506 0.2514 0.3256 0.2344 0.2996 0.2926 0.2920 0.3088 0.3021 0.2006 0.2237 0.2123 0.8256 0.6606 0.6652 0.6155 0.5594 0.5352 0.5169 0.4234 0.4197 0.3876 0.3814 0.3749 0.3373 0.2776 0.2970]

========================================
Airfoil: NACA2411
Result:
  weighted_power: 29.556667
  chord: [0.3174 0.3126 0.2808 0.2785 0.2719 0.2582 0.2662 0.2080 0.2164 0.2004 0.2091 0.1829 0.1667 0.1603 0.1486]
  beta:  [0.7008 0.6420 0.6352 0.6204 0.5281 0.5472 0.5415 0.4997 0.4397 0.3833 0.3736 0.3860 0.3158 0.2607 0.2468]
  info:
    nSections: 15
    B: 5
Design Variables:
  x: [0.3174 0.3126 0.2808 0.2785 0.2719 0.2582 0.2662 0.2080 0.2164 0.2004 0.2091 0.1829 0.1667 0.1603 0.1486 0.7008 0.6420 0.6352 0.6204 0.5281 0.5472 0.5415 0.4997 0.4397 0.3833 0.3736 0.3860 0.3158 0.2607 0.2468]

========================================
Airfoil: NACA2412
Result:
  weighted_power: 29.799472
  chord: [0.3927 0.2940 0.2112 0.2946 0.3695 0.2205 0.2671 0.2542 0.2110 0.2779 0.2077 0.2504 0.2789 0.2004 0.1915]
  beta:  [0.6965 0.6797 0.6315 0.6029 0.6228 0.5572 0.5220 0.4830 0.4213 0.4535 0.3619 0.3348 0.3362 0.2579 0.2786]
  info:
    nSections: 15
    B: 5
Design Variables:
  x: [0.3927 0.2940 0.2112 0.2946 0.3695 0.2205 0.2671 0.2542 0.2110 0.2779 0.2077 0.2504 0.2789 0.2004 0.1915 0.6965 0.6797 0.6315 0.6029 0.6228 0.5572 0.5220 0.4830 0.4213 0.4535 0.3619 0.3348 0.3362 0.2579 0.2786]

========================================
Airfoil: NACA2413
Result:
  weighted_power: 30.373249
  chord: [0.4420 0.4805 0.4752 0.2557 0.2614 0.3759 0.2628 0.2350 0.3573 0.2993 0.2272 0.3023 0.2675 0.1552 0.2149]
  beta:  [0.8314 0.7392 0.7899 0.5926 0.5610 0.5277 0.5375 0.4326 0.4491 0.4392 0.3751 0.4801 0.3156 0.1619 0.2496]
  info:
    nSections: 15
    B: 5
Design Variables:
  x: [0.4420 0.4805 0.4752 0.2557 0.2614 0.3759 0.2628 0.2350 0.3573 0.2993 0.2272 0.3023 0.2675 0.1552 0.2149 0.8314 0.7392 0.7899 0.5926 0.5610 0.5277 0.5375 0.4326 0.4491 0.4392 0.3751 0.4801 0.3156 0.1619 0.2496]

========================================
Airfoil: NACA2414
Result:
  weighted_power: 30.617638
  chord: [0.3771 0.4446 0.4696 0.2006 0.2316 0.3539 0.3486 0.2007 0.3417 0.2268 0.3237 0.2433 0.2808 0.2178 0.1340]
  beta:  [0.7055 0.8329 0.7245 0.4688 0.5180 0.5771 0.5231 0.3696 0.4141 0.3583 0.5070 0.3264 0.3626 0.2780 0.1584]
  info:
    nSections: 15
    B: 5
Design Variables:
  x: [0.3771 0.4446 0.4696 0.2006 0.2316 0.3539 0.3486 0.2007 0.3417 0.2268 0.3237 0.2433 0.2808 0.2178 0.1340 0.7055 0.8329 0.7245 0.4688 0.5180 0.5771 0.5231 0.3696 0.4141 0.3583 0.5070 0.3264 0.3626 0.2780 0.1584]

========================================
Airfoil: NACA2415
Result:
  weighted_power: 30.633195
  chord: [0.3104 0.4138 0.4545 0.2872 0.2402 0.2663 0.2289 0.1786 0.1801 0.2868 0.1844 0.1468 0.1662 0.2133 0.1342]
  beta:  [0.7639 0.7682 0.7215 0.6087 0.5907 0.5338 0.4923 0.3049 0.2896 0.5533 0.2201 0.2012 0.1812 0.4014 0.0930]
  info:
    nSections: 15
    B: 5
Design Variables:
  x: [0.3104 0.4138 0.4545 0.2872 0.2402 0.2663 0.2289 0.1786 0.1801 0.2868 0.1844 0.1468 0.1662 0.2133 0.1342 0.7639 0.7682 0.7215 0.6087 0.5907 0.5338 0.4923 0.3049 0.2896 0.5533 0.2201 0.2012 0.1812 0.4014 0.0930]

========================================
Airfoil: NACA4309
Result:
  weighted_power: 30.825985
  chord: [0.3408 0.4924 0.4254 0.2812 0.1967 0.2138 0.2534 0.3077 0.2257 0.3306 0.3249 0.2858 0.2301 0.2146 0.1766]
  beta:  [0.7208 0.8206 0.7221 0.6553 0.6145 0.5583 0.4976 0.4476 0.4629 0.3479 0.5276 0.3549 0.2894 0.3682 0.2514]
  info:
    nSections: 15
    B: 5
Design Variables:
  x: [0.3408 0.4924 0.4254 0.2812 0.1967 0.2138 0.2534 0.3077 0.2257 0.3306 0.3249 0.2858 0.2301 0.2146 0.1766 0.7208 0.8206 0.7221 0.6553 0.6145 0.5583 0.4976 0.4476 0.4629 0.3479 0.5276 0.3549 0.2894 0.3682 0.2514]

========================================
Airfoil: NACA4310
Result:
  weighted_power: 30.591669
  chord: [0.2998 0.4827 0.4340 0.2872 0.4305 0.2949 0.2295 0.2162 0.2633 0.2189 0.2363 0.2261 0.2048 0.2278 0.1637]
  beta:  [0.7069 0.6640 0.7960 0.6249 0.5770 0.4712 0.5002 0.4532 0.4386 0.4148 0.5172 0.3807 0.3366 0.2929 0.4055]
  info:
    nSections: 15
    B: 5
Design Variables:
  x: [0.2998 0.4827 0.4340 0.2872 0.4305 0.2949 0.2295 0.2162 0.2633 0.2189 0.2363 0.2261 0.2048 0.2278 0.1637 0.7069 0.6640 0.7960 0.6249 0.5770 0.4712 0.5002 0.4532 0.4386 0.4148 0.5172 0.3807 0.3366 0.2929 0.4055]

========================================
Airfoil: NACA4312
Result:
  weighted_power: 29.591431
  chord: [0.2711 0.2722 0.2703 0.2758 0.2666 0.2606 0.2679 0.2370 0.2605 0.2283 0.2047 0.1960 0.1659 0.1653 0.1590]
  beta:  [0.7205 0.6775 0.6326 0.5975 0.6738 0.5313 0.4908 0.4835 0.4832 0.4756 0.4382 0.3879 0.3581 0.3124 0.2420]
  info:
    nSections: 15
    B: 5
Design Variables:
  x: [0.2711 0.2722 0.2703 0.2758 0.2666 0.2606 0.2679 0.2370 0.2605 0.2283 0.2047 0.1960 0.1659 0.1653 0.1590 0.7205 0.6775 0.6326 0.5975 0.6738 0.5313 0.4908 0.4835 0.4832 0.4756 0.4382 0.3879 0.3581 0.3124 0.2420]

========================================
Airfoil: NACA4314
Result:
  weighted_power: 29.652631
  chord: [0.3255 0.2578 0.3299 0.2816 0.3677 0.3023 0.2235 0.3190 0.3252 0.1910 0.3146 0.2047 0.2823 0.2015 0.2181]
  beta:  [0.7267 0.6760 0.6506 0.7484 0.5994 0.5490 0.6182 0.4904 0.4569 0.5018 0.4603 0.3193 0.3615 0.3160 0.2981]
  info:
    nSections: 15
    B: 5
Design Variables:
  x: [0.3255 0.2578 0.3299 0.2816 0.3677 0.3023 0.2235 0.3190 0.3252 0.1910 0.3146 0.2047 0.2823 0.2015 0.2181 0.7267 0.6760 0.6506 0.7484 0.5994 0.5490 0.6182 0.4904 0.4569 0.5018 0.4603 0.3193 0.3615 0.3160 0.2981]

========================================
Airfoil: NACA4315
Result:
  weighted_power: 29.827471
  chord: [0.3451 0.3084 0.3986 0.4363 0.3637 0.3696 0.3805 0.2198 0.3390 0.2977 0.2514 0.2731 0.2457 0.2622 0.2363]
  beta:  [0.8500 0.6858 0.7025 0.6114 0.6394 0.5416 0.5356 0.4943 0.4432 0.5578 0.4329 0.3134 0.2998 0.2797 0.2832]
  info:
    nSections: 15
    B: 5
Design Variables:
  x: [0.3451 0.3084 0.3986 0.4363 0.3637 0.3696 0.3805 0.2198 0.3390 0.2977 0.2514 0.2731 0.2457 0.2622 0.2363 0.8500 0.6858 0.7025 0.6114 0.6394 0.5416 0.5356 0.4943 0.4432 0.5578 0.4329 0.3134 0.2998 0.2797 0.2832]

========================================
Airfoil: NACA4409
Result:
  weighted_power: 29.763023
  chord: [0.4873 0.3054 0.4710 0.3004 0.1781 0.2362 0.2576 0.2013 0.2439 0.2811 0.1714 0.1913 0.1849 0.1663 0.1652]
  beta:  [0.7694 0.7901 0.7239 0.6302 0.5786 0.6972 0.5495 0.3567 0.6128 0.4237 0.2952 0.2855 0.3053 0.2755 0.3584]
  info:
    nSections: 15
    B: 5
Design Variables:
  x: [0.4873 0.3054 0.4710 0.3004 0.1781 0.2362 0.2576 0.2013 0.2439 0.2811 0.1714 0.1913 0.1849 0.1663 0.1652 0.7694 0.7901 0.7239 0.6302 0.5786 0.6972 0.5495 0.3567 0.6128 0.4237 0.2952 0.2855 0.3053 0.2755 0.3584]

========================================
Airfoil: NACA4410
Result:
  weighted_power: 30.072120
  chord: [0.4963 0.2803 0.2982 0.4462 0.2102 0.2479 0.2564 0.3756 0.1694 0.2078 0.2725 0.1882 0.1714 0.2371 0.1810]
  beta:  [0.6689 0.6736 0.6441 0.6349 0.4301 0.4423 0.3782 0.6365 0.3396 0.3481 0.5344 0.3017 0.1522 0.2775 0.3300]
  info:
    nSections: 15
    B: 5
Design Variables:
  x: [0.4963 0.2803 0.2982 0.4462 0.2102 0.2479 0.2564 0.3756 0.1694 0.2078 0.2725 0.1882 0.1714 0.2371 0.1810 0.6689 0.6736 0.6441 0.6349 0.4301 0.4423 0.3782 0.6365 0.3396 0.3481 0.5344 0.3017 0.1522 0.2775 0.3300]

========================================
Airfoil: NACA4412
Result:
  weighted_power: 30.197486
  chord: [0.4021 0.3979 0.4849 0.2382 0.2363 0.2354 0.3991 0.3464 0.2046 0.3312 0.1768 0.1975 0.2745 0.1553 0.1871]
  beta:  [0.7937 0.8366 0.6946 0.6126 0.4760 0.5564 0.5568 0.4515 0.4135 0.5791 0.4003 0.2893 0.3302 0.1500 0.2743]
  info:
    nSections: 15
    B: 5
Design Variables:
  x: [0.4021 0.3979 0.4849 0.2382 0.2363 0.2354 0.3991 0.3464 0.2046 0.3312 0.1768 0.1975 0.2745 0.1553 0.1871 0.7937 0.8366 0.6946 0.6126 0.4760 0.5564 0.5568 0.4515 0.4135 0.5791 0.4003 0.2893 0.3302 0.1500 0.2743]

========================================
Airfoil: NACA4414
Result:
  weighted_power: 30.303040
  chord: [0.4914 0.4271 0.4155 0.3855 0.1437 0.2654 0.2578 0.3493 0.1048 0.1841 0.1796 0.2770 0.2488 0.2342 0.1028]
  beta:  [0.6752 0.5725 0.6525 0.7321 0.6382 0.5031 0.6149 0.3808 0.5957 0.3241 0.3952 0.3277 0.4721 0.2407 0.0791]
  info:
    nSections: 15
    B: 5
Design Variables:
  x: [0.4914 0.4271 0.4155 0.3855 0.1437 0.2654 0.2578 0.3493 0.1048 0.1841 0.1796 0.2770 0.2488 0.2342 0.1028 0.6752 0.5725 0.6525 0.7321 0.6382 0.5031 0.6149 0.3808 0.5957 0.3241 0.3952 0.3277 0.4721 0.2407 0.0791]

========================================
Airfoil: NACA4415
Result:
  weighted_power: 28.957077
  chord: [0.4077 0.4985 0.3893 0.4591 0.4161 0.4156 0.3575 0.3754 0.3615 0.3295 0.3196 0.3026 0.2752 0.2568 0.2247]
  beta:  [0.8721 0.8339 0.6524 0.6449 0.5394 0.5403 0.4967 0.4867 0.4500 0.4140 0.3996 0.3769 0.3132 0.2808 0.3151]
  info:
    nSections: 15
    B: 5
Design Variables:
  x: [0.4077 0.4985 0.3893 0.4591 0.4161 0.4156 0.3575 0.3754 0.3615 0.3295 0.3196 0.3026 0.2752 0.2568 0.2247 0.8721 0.8339 0.6524 0.6449 0.5394 0.5403 0.4967 0.4867 0.4500 0.4140 0.3996 0.3769 0.3132 0.2808 0.3151]

========================================
Airfoil: NACA4418
Result:
  weighted_power: 26.486509
  chord: [0.5122 0.4916 0.4460 0.4557 0.4392 0.4121 0.3940 0.3768 0.3557 0.3437 0.3216 0.3034 0.2657 0.2618 0.2386]
  beta:  [0.8693 0.7820 0.6932 0.6553 0.5630 0.5516 0.4799 0.4440 0.5250 0.3615 0.3685 0.3375 0.3093 0.3776 0.2816]
  info:
    nSections: 15
    B: 5
Design Variables:
  x: [0.5122 0.4916 0.4460 0.4557 0.4392 0.4121 0.3940 0.3768 0.3557 0.3437 0.3216 0.3034 0.2657 0.2618 0.2386 0.8693 0.7820 0.6932 0.6553 0.5630 0.5516 0.4799 0.4440 0.5250 0.3615 0.3685 0.3375 0.3093 0.3776 0.2816]

========================================
Airfoil: NACA4421
Result:
  weighted_power: 19.176981
  chord: [0.5231 0.4964 0.4761 0.4407 0.4428 0.3910 0.3756 0.3792 0.3419 0.3405 0.3135 0.3001 0.2762 0.2639 0.2288]
  beta:  [0.8663 0.7945 0.6767 0.6026 0.5783 0.5168 0.4835 0.4829 0.3935 0.3616 0.3552 0.3477 0.2926 0.2715 0.2416]
  info:
    nSections: 15
    B: 5
Design Variables:
  x: [0.5231 0.4964 0.4761 0.4407 0.4428 0.3910 0.3756 0.3792 0.3419 0.3405 0.3135 0.3001 0.2762 0.2639 0.2288 0.8663 0.7945 0.6767 0.6026 0.5783 0.5168 0.4835 0.4829 0.3935 0.3616 0.3552 0.3477 0.2926 0.2715 0.2416]

========================================
Airfoil: NACA4424
Result:
  weighted_power: 12.679252
  chord: [0.5062 0.4770 0.4463 0.4544 0.4105 0.4216 0.3932 0.3797 0.3592 0.3382 0.3198 0.3035 0.2669 0.2593 0.2394]
  beta:  [0.7553 0.8237 0.8002 0.7352 0.7349 0.6993 0.6053 0.5679 0.5340 0.5082 0.4730 0.4640 0.4358 0.4105 0.3758]
  info:
    nSections: 15
    B: 5
Design Variables:
  x: [0.5062 0.4770 0.4463 0.4544 0.4105 0.4216 0.3932 0.3797 0.3592 0.3382 0.3198 0.3035 0.2669 0.2593 0.2394 0.7553 0.8237 0.8002 0.7352 0.7349 0.6993 0.6053 0.5679 0.5340 0.5082 0.4730 0.4640 0.4358 0.4105 0.3758]

========================================
Airfoil: NACA0032
Result:
  weighted_power: 0.714722
  chord: [0.5165 0.4890 0.4552 0.4569 0.4374 0.4249 0.3968 0.3848 0.3600 0.3408 0.3205 0.2938 0.2838 0.2503 0.2384]
  beta:  [0.8057 0.8092 0.7483 0.7387 0.7343 0.7014 0.6723 0.6200 0.5938 0.5782 0.5435 0.5104 0.4828 0.4466 0.4168]
  info:
    nSections: 15
    B: 5
Design Variables:
  x: [0.5165 0.4890 0.4552 0.4569 0.4374 0.4249 0.3968 0.3848 0.3600 0.3408 0.3205 0.2938 0.2838 0.2503 0.2384 0.8057 0.8092 0.7483 0.7387 0.7343 0.7014 0.6723 0.6200 0.5938 0.5782 0.5435 0.5104 0.4828 0.4466 0.4168]

========================================
Airfoil: NACA0035
Result:
  weighted_power: 0.084183
  chord: [0.4106 0.4989 0.4108 0.4561 0.3601 0.3564 0.3972 0.3487 0.3600 0.2725 0.3202 0.2760 0.2822 0.1918 0.0352]
  beta:  [0.7193 0.6912 0.7847 0.7426 0.6878 0.6606 0.5835 0.6250 0.6006 0.5800 0.5162 0.4974 0.4815 0.4445 0.3105]
  info:
    nSections: 15
    B: 5
Design Variables:
  x: [0.4106 0.4989 0.4108 0.4561 0.3601 0.3564 0.3972 0.3487 0.3600 0.2725 0.3202 0.2760 0.2822 0.1918 0.0352 0.7193 0.6912 0.7847 0.7426 0.6878 0.6606 0.5835 0.6250 0.6006 0.5800 0.5162 0.4974 0.4815 0.4445 0.3105]

========================================
TOP 5 SOLUTIONS
========================================
#1 Airfoil: NACA4309
  weighted_power: 30.825985
  chord: [0.3408 0.4924 0.4254 0.2812 0.1967 0.2138 0.2534 0.3077 0.2257 0.3306 0.3249 0.2858 0.2301 0.2146 0.1766]
  beta:  [0.7208 0.8206 0.7221 0.6553 0.6145 0.5583 0.4976 0.4476 0.4629 0.3479 0.5276 0.3549 0.2894 0.3682 0.2514]

#2 Airfoil: NACA0015
  weighted_power: 30.792009
  chord: [0.3908 0.4137 0.4838 0.3483 0.4053 0.4099 0.3563 0.3689 0.3595 0.3186 0.2284 0.2566 0.2780 0.1911 0.1809]
  beta:  [0.8290 0.8245 0.7798 0.6529 0.6537 0.5182 0.4904 0.3883 0.4506 0.3688 0.2588 0.2521 0.4365 0.1976 0.2233]

#3 Airfoil: NACA2415
  weighted_power: 30.633195
  chord: [0.3104 0.4138 0.4545 0.2872 0.2402 0.2663 0.2289 0.1786 0.1801 0.2868 0.1844 0.1468 0.1662 0.2133 0.1342]
  beta:  [0.7639 0.7682 0.7215 0.6087 0.5907 0.5338 0.4923 0.3049 0.2896 0.5533 0.2201 0.2012 0.1812 0.4014 0.0930]

#4 Airfoil: NACA2414
  weighted_power: 30.617638
  chord: [0.3771 0.4446 0.4696 0.2006 0.2316 0.3539 0.3486 0.2007 0.3417 0.2268 0.3237 0.2433 0.2808 0.2178 0.1340]
  beta:  [0.7055 0.8329 0.7245 0.4688 0.5180 0.5771 0.5231 0.3696 0.4141 0.3583 0.5070 0.3264 0.3626 0.2780 0.1584]

#5 Airfoil: NACA0016
  weighted_power: 30.603014
  chord: [0.5085 0.4858 0.2898 0.4243 0.2567 0.2515 0.3779 0.2875 0.2847 0.2082 0.2557 0.2202 0.2611 0.2547 0.1980]
  beta:  [0.7026 0.7860 0.6542 0.6101 0.5403 0.3970 0.4323 0.3124 0.3533 0.2893 0.2592 0.3220 0.4348 0.2478 0.3093]

========================================
BEST OVERALL
========================================
Airfoil: NACA4309
Weighted Power: 30.825985