========================================
Airfoil: NACA0008
Result:
  weighted_power: 24.553291
  chord: [0.5084 0.4788 0.4456 0.4465 0.4425 0.4099 0.3964 0.3798 0.3614 0.3433 0.3209 0.3027 0.2845 0.2635 0.2243]
  beta:  [0.8368 0.8008 0.7729 0.7263 0.7349 0.5770 0.6167 0.5121 0.4772 0.4877 0.3677 0.3439 0.3739 0.3541 0.3081]
  info:
    nSections: 15
    B: 3
Design Variables:
  x: [0.5084 0.4788 0.4456 0.4465 0.4425 0.4099 0.3964 0.3798 0.3614 0.3433 0.3209 0.3027 0.2845 0.2635 0.2243 0.8368 0.8008 0.7729 0.7263 0.7349 0.5770 0.6167 0.5121 0.4772 0.4877 0.3677 0.3439 0.3739 0.3541 0.3081]

========================================
TOP 1 SOLUTIONS
========================================
#1 Airfoil: NACA0008
  weighted_power: 24.553291
  chord: [0.5084 0.4788 0.4456 0.4465 0.4425 0.4099 0.3964 0.3798 0.3614 0.3433 0.3209 0.3027 0.2845 0.2635 0.2243]
  beta:  [0.8368 0.8008 0.7729 0.7263 0.7349 0.5770 0.6167 0.5121 0.4772 0.4877 0.3677 0.3439 0.3739 0.3541 0.3081]

========================================
BEST OVERALL
========================================
Airfoil: NACA0008
Weighted Power: 24.553291
========================================
Airfoil: NACA0008
Result:
  weighted_power: 24.444132
  chord: [0.4824 0.5033 0.4730 0.4595 0.4302 0.3977 0.4040 0.3762 0.3458 0.3238 0.3247 0.3035 0.2813 0.2643 0.2398]
  beta:  [0.7548 0.7602 0.7919 0.6549 0.6160 0.6396 0.6496 0.5099 0.4959 0.4160 0.4037 0.4246 0.3549 0.3501 0.2995]
  info:
    nSections: 15
    B: 3
Design Variables:
  x: [0.4824 0.5033 0.4730 0.4595 0.4302 0.3977 0.4040 0.3762 0.3458 0.3238 0.3247 0.3035 0.2813 0.2643 0.2398 0.7548 0.7602 0.7919 0.6549 0.6160 0.6396 0.6496 0.5099 0.4959 0.4160 0.4037 0.4246 0.3549 0.3501 0.2995]

========================================
Airfoil: NACA0009
Result:
  weighted_power: 24.460391
  chord: [0.4671 0.4920 0.4699 0.4473 0.4439 0.3925 0.4031 0.3788 0.3641 0.3354 0.3207 0.2981 0.2847 0.2574 0.2396]
  beta:  [0.7754 0.8377 0.7647 0.7256 0.5866 0.5333 0.5849 0.5010 0.4266 0.5047 0.4740 0.3834 0.3910 0.3326 0.3176]
  info:
    nSections: 15
    B: 3
Design Variables:
  x: [0.4671 0.4920 0.4699 0.4473 0.4439 0.3925 0.4031 0.3788 0.3641 0.3354 0.3207 0.2981 0.2847 0.2574 0.2396 0.7754 0.8377 0.7647 0.7256 0.5866 0.5333 0.5849 0.5010 0.4266 0.5047 0.4740 0.3834 0.3910 0.3326 0.3176]

========================================
Airfoil: NACA0010
Result:
  weighted_power: 8.126924
  chord: [0.5073 0.4860 0.4756 0.4387 0.4419 0.4185 0.3895 0.3808 0.3533 0.3430 0.3210 0.2943 0.2813 0.2603 0.2412]
  beta:  [0.7959 0.8221 0.7978 0.7503 0.7126 0.7057 0.6538 0.5431 0.5511 0.5568 0.4190 0.3668 0.3660 0.4017 0.3463]
  info:
    nSections: 15
    B: 3
Design Variables:
  x: [0.5073 0.4860 0.4756 0.4387 0.4419 0.4185 0.3895 0.3808 0.3533 0.3430 0.3210 0.2943 0.2813 0.2603 0.2412 0.7959 0.8221 0.7978 0.7503 0.7126 0.7057 0.6538 0.5431 0.5511 0.5568 0.4190 0.3668 0.3660 0.4017 0.3463]

========================================
Airfoil: NACA0011
Result:
  weighted_power: 6.172169
  chord: [0.4178 0.4688 0.4448 0.4497 0.4438 0.4211 0.3968 0.3808 0.3230 0.3410 0.3225 0.3020 0.2783 0.2632 0.2393]
  beta:  [0.7641 0.7847 0.7837 0.7605 0.7253 0.6636 0.6077 0.6422 0.5350 0.4906 0.5122 0.4622 0.4799 0.3719 0.3223]
  info:
    nSections: 15
    B: 3
Design Variables:
  x: [0.4178 0.4688 0.4448 0.4497 0.4438 0.4211 0.3968 0.3808 0.3230 0.3410 0.3225 0.3020 0.2783 0.2632 0.2393 0.7641 0.7847 0.7837 0.7605 0.7253 0.6636 0.6077 0.6422 0.5350 0.4906 0.5122 0.4622 0.4799 0.3719 0.3223]

========================================
Airfoil: NACA0012
Result:
  weighted_power: 5.163050
  chord: [0.4875 0.5014 0.4817 0.4508 0.4364 0.4131 0.3988 0.3767 0.3596 0.3343 0.3045 0.3018 0.2580 0.2250 0.0537]
  beta:  [0.8672 0.8369 0.7971 0.7695 0.7340 0.7035 0.6693 0.6260 0.6118 0.5784 0.5244 0.5120 0.4812 0.4378 0.4166]
  info:
    nSections: 15
    B: 3
Design Variables:
  x: [0.4875 0.5014 0.4817 0.4508 0.4364 0.4131 0.3988 0.3767 0.3596 0.3343 0.3045 0.3018 0.2580 0.2250 0.0537 0.8672 0.8369 0.7971 0.7695 0.7340 0.7035 0.6693 0.6260 0.6118 0.5784 0.5244 0.5120 0.4812 0.4378 0.4166]

========================================
Airfoil: NACA0013
Result:
  weighted_power: 1.144753
  chord: [0.4913 0.5019 0.4588 0.4360 0.4433 0.4162 0.3925 0.3803 0.3431 0.3383 0.3116 0.3040 0.2787 0.1151 0.0802]
  beta:  [0.7740 0.8385 0.7988 0.7634 0.7289 0.6989 0.6769 0.6397 0.5984 0.5766 0.5354 0.5133 0.4819 0.4297 0.4163]
  info:
    nSections: 15
    B: 3
Design Variables:
  x: [0.4913 0.5019 0.4588 0.4360 0.4433 0.4162 0.3925 0.3803 0.3431 0.3383 0.3116 0.3040 0.2787 0.1151 0.0802 0.7740 0.8385 0.7988 0.7634 0.7289 0.6989 0.6769 0.6397 0.5984 0.5766 0.5354 0.5133 0.4819 0.4297 0.4163]

========================================
Airfoil: NACA0014
Result:
  weighted_power: 28.668254
  chord: [0.5013 0.5034 0.4785 0.4475 0.4335 0.4133 0.3994 0.3516 0.3389 0.3375 0.3141 0.2911 0.2822 0.2599 0.2447]
  beta:  [0.8641 0.8069 0.7488 0.6134 0.5601 0.4721 0.5306 0.5248 0.4349 0.4075 0.3319 0.3948 0.3778 0.3402 0.3884]
  info:
    nSections: 15
    B: 3
Design Variables:
  x: [0.5013 0.5034 0.4785 0.4475 0.4335 0.4133 0.3994 0.3516 0.3389 0.3375 0.3141 0.2911 0.2822 0.2599 0.2447 0.8641 0.8069 0.7488 0.6134 0.5601 0.4721 0.5306 0.5248 0.4349 0.4075 0.3319 0.3948 0.3778 0.3402 0.3884]

========================================
Airfoil: NACA0015
Result:
  weighted_power: 29.888228
  chord: [0.5037 0.4909 0.4159 0.3625 0.4056 0.4124 0.3919 0.3792 0.3190 0.3345 0.3115 0.2973 0.2450 0.2635 0.2321]
  beta:  [0.7169 0.8190 0.6258 0.6137 0.5286 0.4523 0.4686 0.3668 0.3750 0.3092 0.2441 0.4594 0.2142 0.2087 0.3774]
  info:
    nSections: 15
    B: 3
Design Variables:
  x: [0.5037 0.4909 0.4159 0.3625 0.4056 0.4124 0.3919 0.3792 0.3190 0.3345 0.3115 0.2973 0.2450 0.2635 0.2321 0.7169 0.8190 0.6258 0.6137 0.5286 0.4523 0.4686 0.3668 0.3750 0.3092 0.2441 0.4594 0.2142 0.2087 0.3774]

========================================
Airfoil: NACA0016
Result:
  weighted_power: 26.267118
  chord: [0.5186 0.3748 0.1907 0.3734 0.4408 0.3443 0.2587 0.3410 0.3308 0.3315 0.2683 0.2023 0.2135 0.2343 0.2159]
  beta:  [0.7772 0.7740 0.6314 0.6003 0.4920 0.4211 0.5141 0.4163 0.3475 0.2817 0.5078 0.4730 0.2505 0.2167 0.2393]
  info:
    nSections: 15
    B: 3
Design Variables:
  x: [0.5186 0.3748 0.1907 0.3734 0.4408 0.3443 0.2587 0.3410 0.3308 0.3315 0.2683 0.2023 0.2135 0.2343 0.2159 0.7772 0.7740 0.6314 0.6003 0.4920 0.4211 0.5141 0.4163 0.3475 0.2817 0.5078 0.4730 0.2505 0.2167 0.2393]

========================================
Airfoil: NACA0017
Result:
  weighted_power: 29.920211
  chord: [0.5031 0.4416 0.4524 0.4537 0.4375 0.4181 0.3864 0.3745 0.3643 0.3348 0.2980 0.2951 0.2778 0.2618 0.2277]
  beta:  [0.8289 0.8294 0.6459 0.5630 0.5456 0.4707 0.3724 0.4826 0.3192 0.3779 0.4011 0.2180 0.4399 0.1355 0.1697]
  info:
    nSections: 15
    B: 3
Design Variables:
  x: [0.5031 0.4416 0.4524 0.4537 0.4375 0.4181 0.3864 0.3745 0.3643 0.3348 0.2980 0.2951 0.2778 0.2618 0.2277 0.8289 0.8294 0.6459 0.5630 0.5456 0.4707 0.3724 0.4826 0.3192 0.3779 0.4011 0.2180 0.4399 0.1355 0.1697]

========================================
Airfoil: NACA0018
Result:
  weighted_power: 29.618010
  chord: [0.4220 0.3825 0.4787 0.4425 0.4151 0.3601 0.3879 0.3785 0.3079 0.2986 0.3246 0.2744 0.2483 0.2592 0.2181]
  beta:  [0.8478 0.6728 0.6654 0.6336 0.4767 0.5450 0.5082 0.4428 0.3179 0.4217 0.3448 0.3778 0.3153 0.2400 0.3783]
  info:
    nSections: 15
    B: 3
Design Variables:
  x: [0.4220 0.3825 0.4787 0.4425 0.4151 0.3601 0.3879 0.3785 0.3079 0.2986 0.3246 0.2744 0.2483 0.2592 0.2181 0.8478 0.6728 0.6654 0.6336 0.4767 0.5450 0.5082 0.4428 0.3179 0.4217 0.3448 0.3778 0.3153 0.2400 0.3783]

========================================
Airfoil: NACA0019
Result:
  weighted_power: 29.909745
  chord: [0.4891 0.3885 0.4830 0.4318 0.4273 0.4233 0.4041 0.3643 0.3584 0.3118 0.3202 0.2745 0.2824 0.2639 0.2382]
  beta:  [0.7196 0.6978 0.5940 0.6200 0.5554 0.5085 0.4841 0.4503 0.4111 0.4032 0.3748 0.3364 0.3027 0.2197 0.3737]
  info:
    nSections: 15
    B: 3
Design Variables:
  x: [0.4891 0.3885 0.4830 0.4318 0.4273 0.4233 0.4041 0.3643 0.3584 0.3118 0.3202 0.2745 0.2824 0.2639 0.2382 0.7196 0.6978 0.5940 0.6200 0.5554 0.5085 0.4841 0.4503 0.4111 0.4032 0.3748 0.3364 0.3027 0.2197 0.3737]

========================================
Airfoil: NACA0020
Result:
  weighted_power: 5.975533
  chord: [0.4706 0.4530 0.4850 0.4206 0.4274 0.4226 0.3956 0.3622 0.3392 0.3233 0.3116 0.2821 0.2568 0.2484 0.1719]
  beta:  [0.7659 0.8129 0.7834 0.7410 0.6631 0.6561 0.6070 0.6209 0.6087 0.5516 0.5485 0.5010 0.4616 0.4323 0.4062]
  info:
    nSections: 15
    B: 3
Design Variables:
  x: [0.4706 0.4530 0.4850 0.4206 0.4274 0.4226 0.3956 0.3622 0.3392 0.3233 0.3116 0.2821 0.2568 0.2484 0.1719 0.7659 0.8129 0.7834 0.7410 0.6631 0.6561 0.6070 0.6209 0.6087 0.5516 0.5485 0.5010 0.4616 0.4323 0.4062]

========================================
Airfoil: NACA0021
Result:
  weighted_power: 0.613283
  chord: [0.5044 0.4986 0.4662 0.4618 0.4295 0.4156 0.3978 0.3734 0.3552 0.3307 0.3160 0.2903 0.2815 0.2514 0.1711]
  beta:  [0.8665 0.8338 0.7840 0.7729 0.7423 0.7052 0.6748 0.6432 0.6099 0.5692 0.5452 0.5138 0.4790 0.4513 0.4157]
  info:
    nSections: 15
    B: 3
Design Variables:
  x: [0.5044 0.4986 0.4662 0.4618 0.4295 0.4156 0.3978 0.3734 0.3552 0.3307 0.3160 0.2903 0.2815 0.2514 0.1711 0.8665 0.8338 0.7840 0.7729 0.7423 0.7052 0.6748 0.6432 0.6099 0.5692 0.5452 0.5138 0.4790 0.4513 0.4157]

========================================
Airfoil: NACA0022
Result:
  weighted_power: 27.032992
  chord: [0.2956 0.4756 0.2834 0.3067 0.3054 0.4191 0.2655 0.2549 0.3376 0.2202 0.1972 0.2074 0.2284 0.1875 0.1544]
  beta:  [0.7034 0.6541 0.6755 0.6204 0.5940 0.5255 0.4887 0.4885 0.4177 0.4172 0.3770 0.3460 0.2933 0.2746 0.2448]
  info:
    nSections: 15
    B: 3
Design Variables:
  x: [0.2956 0.4756 0.2834 0.3067 0.3054 0.4191 0.2655 0.2549 0.3376 0.2202 0.1972 0.2074 0.2284 0.1875 0.1544 0.7034 0.6541 0.6755 0.6204 0.5940 0.5255 0.4887 0.4885 0.4177 0.4172 0.3770 0.3460 0.2933 0.2746 0.2448]

========================================
Airfoil: NACA0023
Result:
  weighted_power: 13.167177
  chord: [0.5118 0.4989 0.4770 0.4451 0.4392 0.4091 0.4035 0.3594 0.3613 0.3407 0.3227 0.2967 0.2762 0.2640 0.2273]
  beta:  [0.7769 0.8130 0.6839 0.6569 0.5456 0.6078 0.6117 0.5267 0.5525 0.2858 0.4081 0.4004 0.4731 0.3629 0.3693]
  info:
    nSections: 15
    B: 3
Design Variables:
  x: [0.5118 0.4989 0.4770 0.4451 0.4392 0.4091 0.4035 0.3594 0.3613 0.3407 0.3227 0.2967 0.2762 0.2640 0.2273 0.7769 0.8130 0.6839 0.6569 0.5456 0.6078 0.6117 0.5267 0.5525 0.2858 0.4081 0.4004 0.4731 0.3629 0.3693]

========================================
Airfoil: NACA0024
Result:
  weighted_power: 0.895176
  chord: [0.5208 0.4970 0.4780 0.4631 0.4352 0.4186 0.4045 0.3765 0.3574 0.3435 0.3203 0.2922 0.2705 0.2581 0.2192]
  beta:  [0.8182 0.8147 0.7986 0.7740 0.7292 0.6956 0.6747 0.6365 0.5920 0.5806 0.5480 0.5076 0.4719 0.4501 0.4057]
  info:
    nSections: 15
    B: 3
Design Variables:
  x: [0.5208 0.4970 0.4780 0.4631 0.4352 0.4186 0.4045 0.3765 0.3574 0.3435 0.3203 0.2922 0.2705 0.2581 0.2192 0.8182 0.8147 0.7986 0.7740 0.7292 0.6956 0.6747 0.6365 0.5920 0.5806 0.5480 0.5076 0.4719 0.4501 0.4057]

========================================
Airfoil: NACA0025
Result:
  weighted_power: 1.081053
  chord: [0.4863 0.4919 0.4648 0.4595 0.4179 0.4140 0.4018 0.3763 0.3614 0.3421 0.3160 0.2985 0.2827 0.2572 0.2288]
  beta:  [0.8653 0.8059 0.7877 0.7234 0.7358 0.7082 0.6633 0.6328 0.6014 0.5606 0.5119 0.5086 0.4578 0.4437 0.3809]
  info:
    nSections: 15
    B: 3
Design Variables:
  x: [0.4863 0.4919 0.4648 0.4595 0.4179 0.4140 0.4018 0.3763 0.3614 0.3421 0.3160 0.2985 0.2827 0.2572 0.2288 0.8653 0.8059 0.7877 0.7234 0.7358 0.7082 0.6633 0.6328 0.6014 0.5606 0.5119 0.5086 0.4578 0.4437 0.3809]

========================================
Airfoil: NACA0026
Result:
  weighted_power: 0.928894
  chord: [0.5123 0.4635 0.4634 0.4646 0.4330 0.4244 0.3990 0.3830 0.3499 0.3432 0.3197 0.2964 0.2806 0.2623 0.2297]
  beta:  [0.8263 0.8266 0.7526 0.7728 0.7413 0.6930 0.6728 0.6369 0.5835 0.5809 0.5442 0.5031 0.4653 0.4463 0.4184]
  info:
    nSections: 15
    B: 3
Design Variables:
  x: [0.5123 0.4635 0.4634 0.4646 0.4330 0.4244 0.3990 0.3830 0.3499 0.3432 0.3197 0.2964 0.2806 0.2623 0.2297 0.8263 0.8266 0.7526 0.7728 0.7413 0.6930 0.6728 0.6369 0.5835 0.5809 0.5442 0.5031 0.4653 0.4463 0.4184]

========================================
Airfoil: NACA0028
Result:
  weighted_power: 0.842750
  chord: [0.5086 0.4434 0.4783 0.4599 0.4371 0.4116 0.3915 0.3805 0.3536 0.3304 0.3250 0.3006 0.2776 0.2585 0.2390]
  beta:  [0.8639 0.8386 0.7978 0.7395 0.7384 0.6695 0.6758 0.6294 0.6127 0.5461 0.5334 0.5093 0.4736 0.3932 0.3916]
  info:
    nSections: 15
    B: 3
Design Variables:
  x: [0.5086 0.4434 0.4783 0.4599 0.4371 0.4116 0.3915 0.3805 0.3536 0.3304 0.3250 0.3006 0.2776 0.2585 0.2390 0.8639 0.8386 0.7978 0.7395 0.7384 0.6695 0.6758 0.6294 0.6127 0.5461 0.5334 0.5093 0.4736 0.3932 0.3916]

========================================
Airfoil: NACA0030
Result:
  weighted_power: 0.667178
  chord: [0.5002 0.4921 0.4799 0.4608 0.4348 0.4169 0.4041 0.3839 0.3501 0.3429 0.3225 0.3019 0.2834 0.2637 0.2439]
  beta:  [0.8346 0.8356 0.8000 0.7596 0.6964 0.6921 0.6321 0.6356 0.5937 0.5765 0.5236 0.5069 0.4833 0.4460 0.3943]
  info:
    nSections: 15
    B: 3
Design Variables:
  x: [0.5002 0.4921 0.4799 0.4608 0.4348 0.4169 0.4041 0.3839 0.3501 0.3429 0.3225 0.3019 0.2834 0.2637 0.2439 0.8346 0.8356 0.8000 0.7596 0.6964 0.6921 0.6321 0.6356 0.5937 0.5765 0.5236 0.5069 0.4833 0.4460 0.3943]

========================================
Airfoil: NACA1408
Result:
  weighted_power: 25.938752
  chord: [0.4433 0.4513 0.4333 0.4266 0.4372 0.4150 0.3522 0.3758 0.3424 0.3370 0.2867 0.2785 0.2815 0.2552 0.2350]
  beta:  [0.7169 0.8243 0.6492 0.6489 0.6435 0.5625 0.5532 0.4634 0.4143 0.3905 0.4003 0.3467 0.3510 0.3174 0.2551]
  info:
    nSections: 15
    B: 3
Design Variables:
  x: [0.4433 0.4513 0.4333 0.4266 0.4372 0.4150 0.3522 0.3758 0.3424 0.3370 0.2867 0.2785 0.2815 0.2552 0.2350 0.7169 0.8243 0.6492 0.6489 0.6435 0.5625 0.5532 0.4634 0.4143 0.3905 0.4003 0.3467 0.3510 0.3174 0.2551]

========================================
Airfoil: NACA1409
Result:
  weighted_power: 25.839711
  chord: [0.4376 0.4953 0.4823 0.4320 0.4244 0.4065 0.4008 0.3846 0.3412 0.3339 0.3183 0.3049 0.2836 0.2573 0.2425]
  beta:  [0.8379 0.8337 0.6820 0.6875 0.6988 0.5926 0.5478 0.4869 0.3898 0.3752 0.3645 0.3918 0.3279 0.3056 0.2439]
  info:
    nSections: 15
    B: 3
Design Variables:
  x: [0.4376 0.4953 0.4823 0.4320 0.4244 0.4065 0.4008 0.3846 0.3412 0.3339 0.3183 0.3049 0.2836 0.2573 0.2425 0.8379 0.8337 0.6820 0.6875 0.6988 0.5926 0.5478 0.4869 0.3898 0.3752 0.3645 0.3918 0.3279 0.3056 0.2439]

========================================
Airfoil: NACA1410
Result:
  weighted_power: 6.224843
  chord: [0.4402 0.4897 0.4753 0.4624 0.4047 0.4154 0.3790 0.3844 0.3221 0.3362 0.3170 0.2970 0.2601 0.2070 0.2327]
  beta:  [0.8202 0.7833 0.7969 0.7456 0.7258 0.6934 0.6090 0.5478 0.5435 0.4955 0.5350 0.4055 0.4788 0.3732 0.2676]
  info:
    nSections: 15
    B: 3
Design Variables:
  x: [0.4402 0.4897 0.4753 0.4624 0.4047 0.4154 0.3790 0.3844 0.3221 0.3362 0.3170 0.2970 0.2601 0.2070 0.2327 0.8202 0.7833 0.7969 0.7456 0.7258 0.6934 0.6090 0.5478 0.5435 0.4955 0.5350 0.4055 0.4788 0.3732 0.2676]

========================================
Airfoil: NACA1411
Result:
  weighted_power: 5.664884
  chord: [0.4010 0.4787 0.4735 0.4280 0.4298 0.4242 0.4017 0.3647 0.3594 0.3443 0.3163 0.3049 0.2603 0.2539 0.2304]
  beta:  [0.6720 0.7988 0.7958 0.7660 0.7158 0.6694 0.6764 0.5763 0.5331 0.5463 0.5471 0.4965 0.4206 0.4054 0.3124]
  info:
    nSections: 15
    B: 3
Design Variables:
  x: [0.4010 0.4787 0.4735 0.4280 0.4298 0.4242 0.4017 0.3647 0.3594 0.3443 0.3163 0.3049 0.2603 0.2539 0.2304 0.6720 0.7988 0.7958 0.7660 0.7158 0.6694 0.6764 0.5763 0.5331 0.5463 0.5471 0.4965 0.4206 0.4054 0.3124]

========================================
Airfoil: NACA1412
Result:
  weighted_power: 28.760593
  chord: [0.4986 0.4332 0.4763 0.4392 0.4420 0.4199 0.3922 0.3785 0.3621 0.3421 0.3223 0.2958 0.2716 0.2639 0.2270]
  beta:  [0.7862 0.7015 0.7467 0.7048 0.4985 0.6153 0.5599 0.4648 0.3902 0.5047 0.3779 0.3507 0.3385 0.3542 0.3344]
  info:
    nSections: 15
    B: 3
Design Variables:
  x: [0.4986 0.4332 0.4763 0.4392 0.4420 0.4199 0.3922 0.3785 0.3621 0.3421 0.3223 0.2958 0.2716 0.2639 0.2270 0.7862 0.7015 0.7467 0.7048 0.4985 0.6153 0.5599 0.4648 0.3902 0.5047 0.3779 0.3507 0.3385 0.3542 0.3344]

========================================
Airfoil: NACA1414
Result:
  weighted_power: 29.833835
  chord: [0.5006 0.4926 0.4478 0.4490 0.3976 0.4161 0.3725 0.3644 0.3543 0.3418 0.3035 0.2928 0.2833 0.2632 0.2408]
  beta:  [0.8293 0.7043 0.6107 0.6477 0.5715 0.4452 0.3691 0.6230 0.5726 0.4183 0.2896 0.3200 0.1660 0.1396 0.1723]
  info:
    nSections: 15
    B: 3
Design Variables:
  x: [0.5006 0.4926 0.4478 0.4490 0.3976 0.4161 0.3725 0.3644 0.3543 0.3418 0.3035 0.2928 0.2833 0.2632 0.2408 0.8293 0.7043 0.6107 0.6477 0.5715 0.4452 0.3691 0.6230 0.5726 0.4183 0.2896 0.3200 0.1660 0.1396 0.1723]

========================================
Airfoil: NACA2408
Result:
  weighted_power: 6.154341
  chord: [0.3586 0.4942 0.4816 0.4422 0.4288 0.4025 0.4012 0.3786 0.3628 0.3431 0.2997 0.2990 0.2787 0.2602 0.2317]
  beta:  [0.8487 0.8278 0.8054 0.7745 0.7170 0.6786 0.6375 0.6113 0.5425 0.5571 0.4447 0.5073 0.4628 0.3778 0.3060]
  info:
    nSections: 15
    B: 3
Design Variables:
  x: [0.3586 0.4942 0.4816 0.4422 0.4288 0.4025 0.4012 0.3786 0.3628 0.3431 0.2997 0.2990 0.2787 0.2602 0.2317 0.8487 0.8278 0.8054 0.7745 0.7170 0.6786 0.6375 0.6113 0.5425 0.5571 0.4447 0.5073 0.4628 0.3778 0.3060]

========================================
Airfoil: NACA2409
Result:
  weighted_power: 6.493895
  chord: [0.4345 0.4828 0.3454 0.4127 0.3430 0.3743 0.2677 0.3629 0.3393 0.1781 0.2698 0.2987 0.2286 0.2619 0.1132]
  beta:  [0.7496 0.7593 0.7240 0.7348 0.7134 0.6927 0.5257 0.5111 0.6035 0.4517 0.4613 0.4402 0.4718 0.3984 0.1732]
  info:
    nSections: 15
    B: 3
Design Variables:
  x: [0.4345 0.4828 0.3454 0.4127 0.3430 0.3743 0.2677 0.3629 0.3393 0.1781 0.2698 0.2987 0.2286 0.2619 0.1132 0.7496 0.7593 0.7240 0.7348 0.7134 0.6927 0.5257 0.5111 0.6035 0.4517 0.4613 0.4402 0.4718 0.3984 0.1732]

========================================
Airfoil: NACA2410
Result:
  weighted_power: 29.488302
  chord: [0.5041 0.3924 0.4719 0.4246 0.4381 0.3940 0.3915 0.3640 0.3578 0.3263 0.3236 0.2937 0.2772 0.2566 0.2333]
  beta:  [0.8327 0.6036 0.7852 0.5948 0.5980 0.5157 0.5188 0.4508 0.3973 0.4593 0.3668 0.3082 0.3478 0.2811 0.2418]
  info:
    nSections: 15
    B: 3
Design Variables:
  x: [0.5041 0.3924 0.4719 0.4246 0.4381 0.3940 0.3915 0.3640 0.3578 0.3263 0.3236 0.2937 0.2772 0.2566 0.2333 0.8327 0.6036 0.7852 0.5948 0.5980 0.5157 0.5188 0.4508 0.3973 0.4593 0.3668 0.3082 0.3478 0.2811 0.2418]

========================================
Airfoil: NACA2411
Result:
  weighted_power: 29.280137
  chord: [0.2451 0.3953 0.3537 0.4584 0.4199 0.4191 0.3465 0.3548 0.2855 0.3265 0.3140 0.2797 0.2829 0.2516 0.2175]
  beta:  [0.5444 0.7430 0.5474 0.6678 0.5356 0.4592 0.5845 0.3668 0.4054 0.4015 0.2613 0.3899 0.3325 0.3211 0.2562]
  info:
    nSections: 15
    B: 3
Design Variables:
  x: [0.2451 0.3953 0.3537 0.4584 0.4199 0.4191 0.3465 0.3548 0.2855 0.3265 0.3140 0.2797 0.2829 0.2516 0.2175 0.5444 0.7430 0.5474 0.6678 0.5356 0.4592 0.5845 0.3668 0.4054 0.4015 0.2613 0.3899 0.3325 0.3211 0.2562]

========================================
Airfoil: NACA2412
Result:
  weighted_power: 29.561346
  chord: [0.5050 0.4905 0.3285 0.2859 0.4320 0.3083 0.4013 0.3299 0.3628 0.3271 0.3090 0.2955 0.2678 0.2564 0.2161]
  beta:  [0.8184 0.7562 0.6044 0.6273 0.5903 0.4736 0.4849 0.5973 0.5588 0.3977 0.3707 0.2138 0.1829 0.2584 0.2574]
  info:
    nSections: 15
    B: 3
Design Variables:
  x: [0.5050 0.4905 0.3285 0.2859 0.4320 0.3083 0.4013 0.3299 0.3628 0.3271 0.3090 0.2955 0.2678 0.2564 0.2161 0.8184 0.7562 0.6044 0.6273 0.5903 0.4736 0.4849 0.5973 0.5588 0.3977 0.3707 0.2138 0.1829 0.2584 0.2574]

========================================
Airfoil: NACA2413
Result:
  weighted_power: 28.834783
  chord: [0.5096 0.2857 0.3127 0.2910 0.2876 0.3757 0.2940 0.2248 0.3427 0.2261 0.3050 0.2392 0.2261 0.2213 0.2445]
  beta:  [0.7105 0.6985 0.6971 0.5940 0.5823 0.5175 0.4750 0.4193 0.4318 0.4143 0.3773 0.3361 0.3366 0.2586 0.2398]
  info:
    nSections: 15
    B: 3
Design Variables:
  x: [0.5096 0.2857 0.3127 0.2910 0.2876 0.3757 0.2940 0.2248 0.3427 0.2261 0.3050 0.2392 0.2261 0.2213 0.2445 0.7105 0.6985 0.6971 0.5940 0.5823 0.5175 0.4750 0.4193 0.4318 0.4143 0.3773 0.3361 0.3366 0.2586 0.2398]

========================================
Airfoil: NACA2414
Result:
  weighted_power: 29.616876
  chord: [0.4286 0.4700 0.2695 0.4504 0.4138 0.4010 0.2274 0.2782 0.2956 0.3328 0.3119 0.3025 0.2366 0.2074 0.2362]
  beta:  [0.7013 0.6806 0.6250 0.6305 0.5645 0.4444 0.4540 0.6290 0.3504 0.3645 0.2275 0.2162 0.4353 0.1030 0.1101]
  info:
    nSections: 15
    B: 3
Design Variables:
  x: [0.4286 0.4700 0.2695 0.4504 0.4138 0.4010 0.2274 0.2782 0.2956 0.3328 0.3119 0.3025 0.2366 0.2074 0.2362 0.7013 0.6806 0.6250 0.6305 0.5645 0.4444 0.4540 0.6290 0.3504 0.3645 0.2275 0.2162 0.4353 0.1030 0.1101]

========================================
Airfoil: NACA2415
Result:
  weighted_power: 29.816662
  chord: [0.4241 0.4842 0.4402 0.3309 0.3803 0.3089 0.2813 0.3586 0.2893 0.3186 0.3240 0.3002 0.2715 0.2486 0.2364]
  beta:  [0.6751 0.6916 0.6676 0.5851 0.4946 0.4027 0.3513 0.3533 0.3180 0.2857 0.3439 0.4822 0.1891 0.1461 0.3776]
  info:
    nSections: 15
    B: 3
Design Variables:
  x: [0.4241 0.4842 0.4402 0.3309 0.3803 0.3089 0.2813 0.3586 0.2893 0.3186 0.3240 0.3002 0.2715 0.2486 0.2364 0.6751 0.6916 0.6676 0.5851 0.4946 0.4027 0.3513 0.3533 0.3180 0.2857 0.3439 0.4822 0.1891 0.1461 0.3776]

========================================
Airfoil: NACA4309
Result:
  weighted_power: 29.843811
  chord: [0.4325 0.4158 0.3827 0.4577 0.3729 0.4218 0.4025 0.3802 0.3184 0.3369 0.2744 0.3045 0.2722 0.2081 0.1914]
  beta:  [0.7020 0.4988 0.6419 0.5952 0.6714 0.5932 0.5614 0.4957 0.3341 0.5582 0.2491 0.3379 0.3050 0.1195 0.4141]
  info:
    nSections: 15
    B: 3
Design Variables:
  x: [0.4325 0.4158 0.3827 0.4577 0.3729 0.4218 0.4025 0.3802 0.3184 0.3369 0.2744 0.3045 0.2722 0.2081 0.1914 0.7020 0.4988 0.6419 0.5952 0.6714 0.5932 0.5614 0.4957 0.3341 0.5582 0.2491 0.3379 0.3050 0.1195 0.4141]

========================================
Airfoil: NACA4310
Result:
  weighted_power: 29.635712
  chord: [0.4303 0.4797 0.3057 0.3436 0.4083 0.4188 0.3501 0.3483 0.3627 0.3397 0.3012 0.2465 0.2563 0.2592 0.2359]
  beta:  [0.6858 0.6209 0.5354 0.5377 0.5393 0.5429 0.4807 0.4814 0.4452 0.4188 0.4164 0.4791 0.3077 0.1484 0.3366]
  info:
    nSections: 15
    B: 3
Design Variables:
  x: [0.4303 0.4797 0.3057 0.3436 0.4083 0.4188 0.3501 0.3483 0.3627 0.3397 0.3012 0.2465 0.2563 0.2592 0.2359 0.6858 0.6209 0.5354 0.5377 0.5393 0.5429 0.4807 0.4814 0.4452 0.4188 0.4164 0.4791 0.3077 0.1484 0.3366]

========================================
Airfoil: NACA4312
Result:
  weighted_power: 29.580129
  chord: [0.4770 0.4979 0.3472 0.4298 0.3938 0.4080 0.3863 0.3713 0.3513 0.3433 0.3132 0.2999 0.2615 0.2554 0.2423]
  beta:  [0.8682 0.8330 0.7314 0.5987 0.5899 0.5487 0.5045 0.5024 0.3994 0.4260 0.3757 0.4863 0.3208 0.2372 0.3195]
  info:
    nSections: 15
    B: 3
Design Variables:
  x: [0.4770 0.4979 0.3472 0.4298 0.3938 0.4080 0.3863 0.3713 0.3513 0.3433 0.3132 0.2999 0.2615 0.2554 0.2423 0.8682 0.8330 0.7314 0.5987 0.5899 0.5487 0.5045 0.5024 0.3994 0.4260 0.3757 0.4863 0.3208 0.2372 0.3195]

========================================
Airfoil: NACA4314
Result:
  weighted_power: 26.153468
  chord: [0.5213 0.4005 0.4543 0.4644 0.3980 0.3984 0.3825 0.3707 0.3198 0.3023 0.3162 0.2949 0.2742 0.2490 0.2291]
  beta:  [0.8272 0.8060 0.7854 0.6910 0.6511 0.6836 0.5772 0.5356 0.4837 0.5198 0.4804 0.4226 0.3301 0.3148 0.2664]
  info:
    nSections: 15
    B: 3
Design Variables:
  x: [0.5213 0.4005 0.4543 0.4644 0.3980 0.3984 0.3825 0.3707 0.3198 0.3023 0.3162 0.2949 0.2742 0.2490 0.2291 0.8272 0.8060 0.7854 0.6910 0.6511 0.6836 0.5772 0.5356 0.4837 0.5198 0.4804 0.4226 0.3301 0.3148 0.2664]

========================================
Airfoil: NACA4315
Result:
  weighted_power: 26.149043
  chord: [0.5225 0.4237 0.4682 0.3727 0.4351 0.4143 0.4025 0.3744 0.3624 0.3430 0.3235 0.2940 0.2839 0.2586 0.2206]
  beta:  [0.7785 0.6061 0.7541 0.7708 0.6260 0.5657 0.6119 0.4945 0.4409 0.4114 0.4070 0.4385 0.3103 0.3877 0.3756]
  info:
    nSections: 15
    B: 3
Design Variables:
  x: [0.5225 0.4237 0.4682 0.3727 0.4351 0.4143 0.4025 0.3744 0.3624 0.3430 0.3235 0.2940 0.2839 0.2586 0.2206 0.7785 0.6061 0.7541 0.7708 0.6260 0.5657 0.6119 0.4945 0.4409 0.4114 0.4070 0.4385 0.3103 0.3877 0.3756]

========================================
Airfoil: NACA4409
Result:
  weighted_power: 29.931627
  chord: [0.4880 0.4567 0.3005 0.3889 0.3378 0.3623 0.4010 0.2961 0.3491 0.2344 0.3148 0.3022 0.2499 0.2032 0.1852]
  beta:  [0.7519 0.7983 0.6270 0.5965 0.4451 0.4727 0.4776 0.3566 0.6029 0.2375 0.3268 0.4993 0.2188 0.1387 0.1278]
  info:
    nSections: 15
    B: 3
Design Variables:
  x: [0.4880 0.4567 0.3005 0.3889 0.3378 0.3623 0.4010 0.2961 0.3491 0.2344 0.3148 0.3022 0.2499 0.2032 0.1852 0.7519 0.7983 0.6270 0.5965 0.4451 0.4727 0.4776 0.3566 0.6029 0.2375 0.3268 0.4993 0.2188 0.1387 0.1278]

========================================
Airfoil: NACA4410
Result:
  weighted_power: 29.543067
  chord: [0.4806 0.4970 0.3623 0.2781 0.2451 0.2944 0.2826 0.2900 0.3593 0.2154 0.3188 0.2078 0.2818 0.2184 0.2295]
  beta:  [0.8312 0.7880 0.7459 0.4866 0.4970 0.3979 0.3831 0.3291 0.4743 0.2441 0.4186 0.1719 0.4836 0.1613 0.1627]
  info:
    nSections: 15
    B: 3
Design Variables:
  x: [0.4806 0.4970 0.3623 0.2781 0.2451 0.2944 0.2826 0.2900 0.3593 0.2154 0.3188 0.2078 0.2818 0.2184 0.2295 0.8312 0.7880 0.7459 0.4866 0.4970 0.3979 0.3831 0.3291 0.4743 0.2441 0.4186 0.1719 0.4836 0.1613 0.1627]

========================================
Airfoil: NACA4412
Result:
  weighted_power: 29.688075
  chord: [0.5007 0.4996 0.3624 0.2705 0.4206 0.2724 0.3903 0.3767 0.3249 0.3316 0.2080 0.2916 0.1825 0.2188 0.1797]
  beta:  [0.8159 0.7710 0.6338 0.5039 0.5046 0.3995 0.4161 0.6440 0.3533 0.5784 0.2064 0.2421 0.1771 0.1158 0.1224]
  info:
    nSections: 15
    B: 3
Design Variables:
  x: [0.5007 0.4996 0.3624 0.2705 0.4206 0.2724 0.3903 0.3767 0.3249 0.3316 0.2080 0.2916 0.1825 0.2188 0.1797 0.8159 0.7710 0.6338 0.5039 0.5046 0.3995 0.4161 0.6440 0.3533 0.5784 0.2064 0.2421 0.1771 0.1158 0.1224]

========================================
Airfoil: NACA4414
Result:
  weighted_power: 29.768230
  chord: [0.4787 0.5013 0.4495 0.2590 0.2078 0.4210 0.3891 0.3793 0.3558 0.3420 0.3131 0.2689 0.1030 0.1340 0.1218]
  beta:  [0.5578 0.5379 0.5109 0.4337 0.4342 0.5084 0.4520 0.6405 0.3750 0.5766 0.2882 0.2106 0.1447 0.1061 0.0920]
  info:
    nSections: 15
    B: 3
Design Variables:
  x: [0.4787 0.5013 0.4495 0.2590 0.2078 0.4210 0.3891 0.3793 0.3558 0.3420 0.3131 0.2689 0.1030 0.1340 0.1218 0.5578 0.5379 0.5109 0.4337 0.4342 0.5084 0.4520 0.6405 0.3750 0.5766 0.2882 0.2106 0.1447 0.1061 0.0920]

========================================
Airfoil: NACA4415
Result:
  weighted_power: 26.999405
  chord: [0.5017 0.4781 0.4678 0.4537 0.4349 0.4181 0.3954 0.3826 0.3506 0.3380 0.3213 0.3040 0.2809 0.2640 0.2298]
  beta:  [0.7083 0.8391 0.6719 0.6413 0.5607 0.5657 0.5163 0.4588 0.4286 0.3958 0.4264 0.3447 0.3567 0.3231 0.3091]
  info:
    nSections: 15
    B: 3
Design Variables:
  x: [0.5017 0.4781 0.4678 0.4537 0.4349 0.4181 0.3954 0.3826 0.3506 0.3380 0.3213 0.3040 0.2809 0.2640 0.2298 0.7083 0.8391 0.6719 0.6413 0.5607 0.5657 0.5163 0.4588 0.4286 0.3958 0.4264 0.3447 0.3567 0.3231 0.3091]

========================================
Airfoil: NACA4418
Result:
  weighted_power: 16.332466
  chord: [0.4397 0.4471 0.4535 0.4236 0.3633 0.4148 0.3742 0.3725 0.3431 0.3327 0.3076 0.3003 0.2847 0.2180 0.2180]
  beta:  [0.8376 0.7153 0.7959 0.7664 0.6922 0.5542 0.5649 0.5964 0.4215 0.4282 0.3997 0.3216 0.2956 0.3729 0.3492]
  info:
    nSections: 15
    B: 3
Design Variables:
  x: [0.4397 0.4471 0.4535 0.4236 0.3633 0.4148 0.3742 0.3725 0.3431 0.3327 0.3076 0.3003 0.2847 0.2180 0.2180 0.8376 0.7153 0.7959 0.7664 0.6922 0.5542 0.5649 0.5964 0.4215 0.4282 0.3997 0.3216 0.2956 0.3729 0.3492]

========================================
Airfoil: NACA4421
Result:
  weighted_power: 11.142612
  chord: [0.5208 0.4744 0.4760 0.4615 0.4394 0.4179 0.4047 0.3608 0.3634 0.3384 0.3249 0.3049 0.2839 0.2593 0.2401]
  beta:  [0.8072 0.8160 0.7967 0.7639 0.7373 0.7032 0.6270 0.6105 0.5947 0.5626 0.5240 0.4812 0.4608 0.4267 0.3934]
  info:
    nSections: 15
    B: 3
Design Variables:
  x: [0.5208 0.4744 0.4760 0.4615 0.4394 0.4179 0.4047 0.3608 0.3634 0.3384 0.3249 0.3049 0.2839 0.2593 0.2401 0.8072 0.8160 0.7967 0.7639 0.7373 0.7032 0.6270 0.6105 0.5947 0.5626 0.5240 0.4812 0.4608 0.4267 0.3934]

========================================
Airfoil: NACA4424
Result:
  weighted_power: 5.915254
  chord: [0.5094 0.5004 0.4803 0.4609 0.4381 0.4194 0.4049 0.3814 0.3570 0.3426 0.3230 0.3001 0.2827 0.2590 0.2274]
  beta:  [0.8660 0.8305 0.7906 0.7585 0.7069 0.7082 0.6728 0.6396 0.6008 0.5614 0.5441 0.5101 0.4607 0.4505 0.4068]
  info:
    nSections: 15
    B: 3
Design Variables:
  x: [0.5094 0.5004 0.4803 0.4609 0.4381 0.4194 0.4049 0.3814 0.3570 0.3426 0.3230 0.3001 0.2827 0.2590 0.2274 0.8660 0.8305 0.7906 0.7585 0.7069 0.7082 0.6728 0.6396 0.6008 0.5614 0.5441 0.5101 0.4607 0.4505 0.4068]

========================================
Airfoil: NACA0032
Result:
  weighted_power: 0.440444
  chord: [0.5017 0.5047 0.4588 0.4562 0.4324 0.4193 0.3986 0.3792 0.3605 0.3178 0.3244 0.3011 0.2802 0.2632 0.2409]
  beta:  [0.8154 0.8303 0.7831 0.7707 0.7172 0.7061 0.6743 0.6379 0.5829 0.5632 0.5413 0.4964 0.4749 0.4394 0.4136]
  info:
    nSections: 15
    B: 3
Design Variables:
  x: [0.5017 0.5047 0.4588 0.4562 0.4324 0.4193 0.3986 0.3792 0.3605 0.3178 0.3244 0.3011 0.2802 0.2632 0.2409 0.8154 0.8303 0.7831 0.7707 0.7172 0.7061 0.6743 0.6379 0.5829 0.5632 0.5413 0.4964 0.4749 0.4394 0.4136]

========================================
Airfoil: NACA0035
Result:
  weighted_power: 0.063574
  chord: [0.4561 0.4642 0.4817 0.3469 0.4344 0.4227 0.3908 0.3791 0.3636 0.3442 0.2960 0.2785 0.2358 0.2335 0.1375]
  beta:  [0.7742 0.7943 0.7513 0.7268 0.6944 0.6581 0.5990 0.6097 0.5793 0.5516 0.5412 0.4946 0.4568 0.4313 0.3899]
  info:
    nSections: 15
    B: 3
Design Variables:
  x: [0.4561 0.4642 0.4817 0.3469 0.4344 0.4227 0.3908 0.3791 0.3636 0.3442 0.2960 0.2785 0.2358 0.2335 0.1375 0.7742 0.7943 0.7513 0.7268 0.6944 0.6581 0.5990 0.6097 0.5793 0.5516 0.5412 0.4946 0.4568 0.4313 0.3899]

========================================
TOP 5 SOLUTIONS
========================================
#1 Airfoil: NACA4409
  weighted_power: 29.931627
  chord: [0.4880 0.4567 0.3005 0.3889 0.3378 0.3623 0.4010 0.2961 0.3491 0.2344 0.3148 0.3022 0.2499 0.2032 0.1852]
  beta:  [0.7519 0.7983 0.6270 0.5965 0.4451 0.4727 0.4776 0.3566 0.6029 0.2375 0.3268 0.4993 0.2188 0.1387 0.1278]

#2 Airfoil: NACA0017
  weighted_power: 29.920211
  chord: [0.5031 0.4416 0.4524 0.4537 0.4375 0.4181 0.3864 0.3745 0.3643 0.3348 0.2980 0.2951 0.2778 0.2618 0.2277]
  beta:  [0.8289 0.8294 0.6459 0.5630 0.5456 0.4707 0.3724 0.4826 0.3192 0.3779 0.4011 0.2180 0.4399 0.1355 0.1697]

#3 Airfoil: NACA0019
  weighted_power: 29.909745
  chord: [0.4891 0.3885 0.4830 0.4318 0.4273 0.4233 0.4041 0.3643 0.3584 0.3118 0.3202 0.2745 0.2824 0.2639 0.2382]
  beta:  [0.7196 0.6978 0.5940 0.6200 0.5554 0.5085 0.4841 0.4503 0.4111 0.4032 0.3748 0.3364 0.3027 0.2197 0.3737]

#4 Airfoil: NACA0015
  weighted_power: 29.888228
  chord: [0.5037 0.4909 0.4159 0.3625 0.4056 0.4124 0.3919 0.3792 0.3190 0.3345 0.3115 0.2973 0.2450 0.2635 0.2321]
  beta:  [0.7169 0.8190 0.6258 0.6137 0.5286 0.4523 0.4686 0.3668 0.3750 0.3092 0.2441 0.4594 0.2142 0.2087 0.3774]

#5 Airfoil: NACA4309
  weighted_power: 29.843811
  chord: [0.4325 0.4158 0.3827 0.4577 0.3729 0.4218 0.4025 0.3802 0.3184 0.3369 0.2744 0.3045 0.2722 0.2081 0.1914]
  beta:  [0.7020 0.4988 0.6419 0.5952 0.6714 0.5932 0.5614 0.4957 0.3341 0.5582 0.2491 0.3379 0.3050 0.1195 0.4141]

========================================
BEST OVERALL
========================================
Airfoil: NACA4409
Weighted Power: 29.931627
========================================
Airfoil: NACA2012
Result:
  weighted_power: 0.733739
  chord: [0.2738 0.2766 0.2961 0.2519 0.2565 0.2517 0.2212 0.2338 0.2168 0.1992 0.1777 0.2006 0.1992 0.1313 0.1490]
  beta:  [0.7082 0.6791 0.6221 0.5908 0.5554 0.5579 0.5025 0.5198 0.4484 0.4095 0.3701 0.3820 0.3042 0.2812 0.2492]
  info:
    nSections: 15
    B: 3
Design Variables:
  x: [0.2738 0.2766 0.2961 0.2519 0.2565 0.2517 0.2212 0.2338 0.2168 0.1992 0.1777 0.2006 0.1992 0.1313 0.1490 0.7082 0.6791 0.6221 0.5908 0.5554 0.5579 0.5025 0.5198 0.4484 0.4095 0.3701 0.3820 0.3042 0.2812 0.2492]

========================================
TOP 1 SOLUTIONS
========================================
#1 Airfoil: NACA2012
  weighted_power: 0.733739
  chord: [0.2738 0.2766 0.2961 0.2519 0.2565 0.2517 0.2212 0.2338 0.2168 0.1992 0.1777 0.2006 0.1992 0.1313 0.1490]
  beta:  [0.7082 0.6791 0.6221 0.5908 0.5554 0.5579 0.5025 0.5198 0.4484 0.4095 0.3701 0.3820 0.3042 0.2812 0.2492]

========================================
BEST OVERALL
========================================
Airfoil: NACA2012
Weighted Power: 0.733739
========================================
Airfoil: NACA2012
Result:
  weighted_power: 1.529246
  chord: [0.3256 0.4081 0.3945 0.4055 0.4329 0.3088 0.3729 0.3798 0.3494 0.2694 0.2982 0.2920 0.2498 0.2327 0.2203]
  beta:  [0.8456 0.7454 0.6860 0.6032 0.7426 0.7008 0.6580 0.5571 0.6019 0.5450 0.5416 0.4592 0.4569 0.4406 0.3736]
  info:
    nSections: 15
    B: 3
Design Variables:
  x: [0.3256 0.4081 0.3945 0.4055 0.4329 0.3088 0.3729 0.3798 0.3494 0.2694 0.2982 0.2920 0.2498 0.2327 0.2203 0.8456 0.7454 0.6860 0.6032 0.7426 0.7008 0.6580 0.5571 0.6019 0.5450 0.5416 0.4592 0.4569 0.4406 0.3736]

========================================
TOP 1 SOLUTIONS
========================================
#1 Airfoil: NACA2012
  weighted_power: 1.529246
  chord: [0.3256 0.4081 0.3945 0.4055 0.4329 0.3088 0.3729 0.3798 0.3494 0.2694 0.2982 0.2920 0.2498 0.2327 0.2203]
  beta:  [0.8456 0.7454 0.6860 0.6032 0.7426 0.7008 0.6580 0.5571 0.6019 0.5450 0.5416 0.4592 0.4569 0.4406 0.3736]

========================================
BEST OVERALL
========================================
Airfoil: NACA2012
Weighted Power: 1.529246
